Print Pattern 11 & rows : 5
1 
1 0 
1 0 1 
1 0 1 0 
1 0 1 0 1 

Print Pattern 11 & rows : 7
1 
1 0 
1 0 1 
1 0 1 0 
1 0 1 0 1 
1 0 1 0 1 0 
1 0 1 0 1 0 1 

Print Pattern 11 & rows : 11
1 
1 0 
1 0 1 
1 0 1 0 
1 0 1 0 1 
1 0 1 0 1 0 
1 0 1 0 1 0 1 
1 0 1 0 1 0 1 0 
1 0 1 0 1 0 1 0 1 
1 0 1 0 1 0 1 0 1 0 
1 0 1 0 1 0 1 0 1 0 1 

Print Pattern 11 & rows : 12
1 
1 0 
1 0 1 
1 0 1 0 
1 0 1 0 1 
1 0 1 0 1 0 
1 0 1 0 1 0 1 
1 0 1 0 1 0 1 0 
1 0 1 0 1 0 1 0 1 
1 0 1 0 1 0 1 0 1 0 
1 0 1 0 1 0 1 0 1 0 1 
1 0 1 0 1 0 1 0 1 0 1 0 

